34124
360392
2012921
5118696
2226712
1723055
447903
24555
1778296
54592
1715576
55916
84010
239998
1696699
12671
209460
2743515
3858070
2817273
2748195
2873713
1679
1214043
46220
49031
14351
205523
664495
663559
2458562
4379635
1640680
223681
4732
243003
1376118
173918
1839680
1408522
575547
388185
643139
1268477
8609
1591415
633750
290680
1870349
359504
1791087
282329
95739
2984062
2632396
1426091
1974001
11039
1731253
692614
816929
293012
3406980
2306749
51045
190869
19219
408282
2219338
1943612
4817726
262151
1593364
722137
1966825
121241
2814663
2137840
38533
414236
2508151
71880
500605
851302
3235897
3443560
4149387
1802220
2773196
3095
5994656
100643
3708354
4422180
181135
1594873
631740
1836535
519645
1765465
2881088
414057
1004928
135163
2606959
1340045
596047
1218502
3323625
567792
3920109
1800769
4853853
24452
28145
963115
91790
1209996
1651798
2601744
416346
2881179
564585
1829683
710181
85218
4324041
2660572
4428830
352368
137875
3526564
589637
3333604
524500
183737
2823295
581277
1255286
1791197
2644101
2682458
1755565
1246157
475877
44221
1425153
2146423
26599
4619507
4474822
637681
2396955
521684
131996
53479
4018842
147510
19488
678281
16591
385046
3151684
3202362
1722835
2868490
1944132
1983097
443130
167417
12203
